8852
8840
8832
8828
8823
8816
8809
8799
8761
8759
8757
8754
8749
8736
8733
8730
8728
8725
8722
8703
8695
8689
8688
8661
8646
8644
8642
8639
8632
8628
8612
8609
8607
8605
8594
8592
8581
8576
8579
6053
8561
5294
7095
8534
8532
8530
8528
8519
8388
8236
8150
8123
8121
8034
7825
5679
7787
7702
7692
7663
7654
7623
6219
7577
7579
7546
5576
7070
6834
7206
5954
6935
7239
7550
6998
7041
7046
7485
5687
7575
7573
7571
7569
7567
7565
7563
7561
7358
7554
7542
7540
7538
5725
7535
7532
7530
7526
7524
6354
5545
7519
7518
7517
7516
7515
7514
7513
7512
7511
7510
7509
7508
7505
7502
7500
7498
7496
7489
7487
7483
7481
7479
7477
7473
7470
5740
7467
7465
7583
7463
7461
7459
7457
7453
7491
7522
7520
5562
5534
5738
7451
7448
6891
6888
5952
7441
7552
5764
5964
7368
7366
7364
7362
7360
7356
7354
7352
7350
7347
7345
7343
7341
7338
7335
7333
7331
7329
7326
7324
7321
7319
7317
7314
7312
7310
7308
7305
7303
7299
7296
7290
7287
7285
7283
7281
7279
7277
7275
7273
7271
7266
7264
7262
7260
7258
7256
7254
7252
7250
7248
7246
7244
7241
7237
7235
7233
7230
7228
7226
7224
7222
7220
7216
7214
7212
7210
7208
7203
7201
7199
7198
7192
7189
7187
7184
7182
7180
7176
7174
7172
7170
7168
7166
7164
7161
7494
7455
7157
7155
7153
7150
7148
7146
7143
7141
7139
7137
7135
7133
7131
7126
7124
7120
7118
7116
7114
7111
7109
7107
7103
7101
7099
7097
7093
7090
7088
7086
7084
7079
6768
7073
6895
6893
6100
7059
6798
6805
7033
6813
6817
7044
6819
6993
7037
6811
6985
6801
6983
6980
6977
6975
6973
6971
6969
6967
6964
6962
6960
6958
6937
6933
6931
6929
6925
6916
2580
6905
6903
6882
6880
6878
6876
6874
5958
5956
5960
5747
5951
6855
6853
6850
6848
6846
6844
6842
6840
6838
6836
6832
6830
6828
6826
6824
6821
6815
6809
6807
6803
6796
6792
6789
6782
6780
6774
6756
6706
6704
6702
6700
6697
6694
6692
6689
6687
6683
6679
6681
6676
6671
6669
6667
6665
6663
6661
6658
6652
6649
6647
6645
6642
6639
6635
6631
6628
6625
6621
6619
6617
6614
6609
6605
6603
6600
6594
6588
6584
6581
6577
6571
6572
6576
6569
6566
6563
6562
6553
6559
6555
6551
6544
6532
8521
8516
6530
6528
6526
6523
6521
6517
6509
6507
6505
6514
6513
6511
6502
8571
8566
8541
8539
8239
6467
6466
5729
6461
6459
6455
6450
6440
6432
8267
8265
6425
6427
6421
6420
6418
6404
6414
6408
6406
6402
6400
6385
6382
8061
8059
8057
8055
8052
8013
8003
6351
6344
6341
6340
6337
6336
6332
7544
6762
6246
6233
6244
6242
6239
6236
6235
6230
6228
6226
6197
6225
6223
6222
6221
6210
6207
6205
6203
6200
6196
6188
6186
6176
6193
6191
6185
6180
6179
6174
6173
6171
6163
6168
6160
6158
6165
6161
6150
6148
6146
6142
6141
6139
6137
6111
6132
6133
6130
6128
6126
6124
6122
6119
6117
6113
6108
6105
6102
6093
6091
6090
6082
6104
6098
6096
6080
6077
6076
6074
6071
6060
6058
6051
6040
6021
6038
6034
6035
6032
6027
6025
6022
6015
6017
6014
6011
6006
6004
5988
5980
6000
5996
5995
5991
5992
5987
5984
5983
5977
5975
5974
5969
5965
5961
5963
5962
5959
5957
5955
5953
5834
5831
5830
5808
5825
5823
5820
5813
5809
5804
5793
5765
5749
5771
5770
5768
5761
5759
5757
5755
5752
5745
5704
5737
7159
5726
5723
5721
5719
5713
5716
5712
5708
5705
5702
5700
5698
5696
5692
5685
5683
5681
5666
5673
5671
5669
5667
5664
5662
5629
5656
5650
5648
5644
5642
5640
5636
5615
6884
5619
5609
5607
5605
5602
5600
5598
5591
5593
5589
5587
5583
5577
5574
5571
5568
5546
5566
5552
5536
5532
5385
5397
5391
5390
5384
5382
5346
5342
5333
5330
5328
5326
5339
5338
5336
5323
5321
5318
5314
5312
5310
5298
5308
5306
5302
5295
5292
2695
2693
2697
2690
2657
2653
2635
2625
2618
2647
2614
2643
2641
2610
2633
2631
2622
2620
2612
2603
2599
2596
2594
2592
2589
2586
2584
2582
2591
2587
2575
2570
2566
2564
2562
2558
2556
2553
2551
2528
2530
2526
2524
2520
2518
2515
2513
2511
2506
2498
2495
2493
2490
2488
2486
2483
8597
7437
7435
7433
7431
7429
7427
7425
7423
7421
7419
7416
7414
7411
7409
7407
7405
7403
7401
7399
7397
7395
7393
7391
7389
7387
7385
7383
7380
7378
7372
7370
